0 0.401895 0.620388 0.148272 0.732039
0 0.501115 0.621359 0.076923 0.656311
0 0.564103 0.605825 0.102564 0.702913
0 0.630435 0.618447 0.108138 0.716505
0 0.732999 0.603883 0.179487 0.772816
1 0.746377 0.370874 0.088071 0.089320
1 0.634894 0.433981 0.056856 0.071845
1 0.574693 0.413592 0.036789 0.042718
1 0.497213 0.442718 0.049052 0.073786
1 0.379599 0.428155 0.054627 0.056311
2 0.407469 0.582524 0.114827 0.194175
2 0.498885 0.567961 0.076923 0.192233
2 0.574136 0.563107 0.078038 0.194175
2 0.643813 0.595146 0.085842 0.227184
2 0.749164 0.550485 0.109253 0.246602
