4 0.749721 0.677670 0.036789 0.069903
4 0.672798 0.617476 0.027871 0.054369
2 0.719621 0.528155 0.092531 0.205825
2 0.606466 0.535922 0.086957 0.244660
2 0.517280 0.516505 0.115942 0.233010
2 0.392977 0.529126 0.105909 0.250485
2 0.286511 0.542718 0.100334 0.231068
1 0.277035 0.359223 0.070234 0.066019
1 0.391862 0.346602 0.056856 0.079612
1 0.510591 0.336893 0.060201 0.075728
1 0.617057 0.370874 0.054627 0.081553
1 0.727982 0.359223 0.066890 0.108738
0 0.272575 0.610680 0.119287 0.669903
0 0.382943 0.610680 0.123746 0.642718
0 0.503902 0.602913 0.102564 0.658252
0 0.614270 0.628155 0.111483 0.619417
0 0.722408 0.617476 0.122631 0.660194
