0 0.279264 0.605825 0.141583 0.667961
0 0.409142 0.587379 0.122631 0.735922
0 0.549052 0.560194 0.094760 0.786408
0 0.725753 0.597087 0.144928 0.747573
2 0.719621 0.481553 0.134894 0.291262
2 0.561873 0.437864 0.118172 0.289320
2 0.416945 0.475728 0.107023 0.267961
2 0.302118 0.530097 0.118172 0.267961
3 0.231327 0.905825 0.041249 0.067961
3 0.301003 0.911650 0.051282 0.095146
3 0.361204 0.862136 0.028986 0.085437
3 0.413043 0.861165 0.041249 0.149515
3 0.522854 0.858252 0.042363 0.108738
3 0.565217 0.902913 0.040134 0.089320
1 0.298774 0.330097 0.066890 0.085437
1 0.421405 0.264078 0.060201 0.085437
1 0.564660 0.218447 0.054627 0.060194
1 0.717949 0.286408 0.053512 0.106796
