2 0.134894 0.496117 0.129320 0.289320
2 0.343367 0.507767 0.129320 0.332039
2 0.527313 0.498058 0.142698 0.339806
2 0.692308 0.517476 0.122631 0.347573
2 0.866221 0.447573 0.133779 0.273786
0 0.139353 0.602913 0.200669 0.766990
0 0.329989 0.592233 0.182832 0.772816
0 0.525084 0.585437 0.153846 0.782524
0 0.699554 0.595146 0.137124 0.786408
0 0.860089 0.567961 0.192865 0.852427
1 0.833333 0.234951 0.110368 0.128155
1 0.679487 0.266990 0.110368 0.110680
1 0.541806 0.253398 0.084727 0.106796
1 0.278149 0.264078 0.090301 0.104854
1 0.167224 0.286408 0.071349 0.102913
