0 0.220178 0.535922 0.168339 0.605825
0 0.356187 0.462136 0.101449 0.434951
0 0.549052 0.593204 0.337793 0.794175
0 0.690635 0.575728 0.139353 0.751456
1 0.702899 0.288350 0.085842 0.095146
1 0.449275 0.291262 0.133779 0.116505
1 0.351728 0.310680 0.034560 0.042718
1 0.255295 0.306796 0.060201 0.054369
2 0.249721 0.477670 0.084727 0.236893
2 0.352285 0.412621 0.066890 0.180583
2 0.584169 0.630097 0.263099 0.522330
2 0.685619 0.480583 0.122631 0.285437
4 0.446488 0.849515 0.065775 0.095146
