0 0.098662 0.597087 0.192865 0.786408
0 0.290412 0.625243 0.215162 0.726214
0 0.487737 0.614563 0.201784 0.743689
0 0.728540 0.599029 0.284281 0.774757
0 0.910814 0.632039 0.164994 0.720388
1 0.128763 0.300000 0.125975 0.149515
1 0.286511 0.346602 0.131550 0.149515
1 0.497213 0.328155 0.115942 0.166990
1 0.693423 0.345631 0.160535 0.194175
1 0.877369 0.372816 0.111483 0.104854
2 0.725753 0.714563 0.209588 0.532039
2 0.503902 0.702913 0.196210 0.516505
2 0.096990 0.672816 0.182832 0.530097
