2 0.413043 0.507767 0.081382 0.227184
2 0.492754 0.458252 0.078038 0.201942
2 0.663880 0.498058 0.103679 0.227184
2 0.781494 0.454369 0.089186 0.194175
2 0.893534 0.487379 0.081382 0.201942
1 0.905240 0.343689 0.053512 0.069903
1 0.775920 0.318447 0.042363 0.046602
1 0.654404 0.320388 0.084727 0.058252
1 0.468227 0.297087 0.051282 0.054369
1 0.430323 0.340777 0.062430 0.060194
0 0.392977 0.587379 0.123746 0.619417
0 0.503902 0.577670 0.153846 0.708738
0 0.656076 0.578641 0.137124 0.706796
0 0.770346 0.510680 0.104794 0.601942
0 0.884058 0.551456 0.098105 0.543689
3 0.768673 0.761165 0.025641 0.066019
3 0.802676 0.765049 0.020067 0.058252
3 0.648829 0.874757 0.057971 0.099029
3 0.687848 0.873786 0.044593 0.062136
3 0.552397 0.856311 0.047938 0.093204
3 0.452620 0.868932 0.062430 0.048544
