1 0.239688 0.370874 0.151616 0.132039
1 0.080268 0.702913 0.104794 0.151456
1 0.403567 0.393204 0.122631 0.153398
1 0.635452 0.260194 0.136009 0.116505
1 0.859532 0.277670 0.104794 0.151456
2 0.866778 0.588350 0.157191 0.357282
2 0.619844 0.542718 0.167224 0.324272
2 0.405240 0.674757 0.163880 0.386408
2 0.236343 0.661165 0.220736 0.390291
0 0.245262 0.636893 0.173913 0.687379
0 0.425307 0.641748 0.192865 0.693204
0 0.605351 0.566019 0.187291 0.829126
0 0.858417 0.583495 0.180602 0.801942
