3 0.050167 0.755340 0.071349 0.217476
3 0.105909 0.755340 0.069119 0.221359
3 0.161093 0.763107 0.050167 0.205825
3 0.213489 0.761165 0.054627 0.201942
3 0.268116 0.752427 0.059086 0.234951
3 0.326644 0.753398 0.064660 0.233010
3 0.401895 0.702913 0.085842 0.357282
3 0.486065 0.711650 0.075808 0.335922
3 0.559086 0.745631 0.061315 0.353398
3 0.628763 0.743689 0.084727 0.337864
3 0.712932 0.685437 0.083612 0.450485
3 0.818283 0.700000 0.113712 0.444660
3 0.920290 0.700000 0.121516 0.456311
