0 0.094760 0.583495 0.180602 0.809709
0 0.250836 0.557282 0.120401 0.706796
0 0.380156 0.542718 0.133779 0.755340
0 0.622631 0.499029 0.331104 0.970874
1 0.611483 0.079612 0.161650 0.135922
1 0.338350 0.198058 0.083612 0.058252
1 0.275362 0.253398 0.060201 0.083495
1 0.094203 0.228155 0.081382 0.087379
2 0.064660 0.512621 0.111483 0.318447
2 0.269231 0.481553 0.092531 0.283495
2 0.372910 0.418447 0.094760 0.266019
3 0.397436 0.866019 0.063545 0.046602
3 0.358974 0.861165 0.062430 0.048544
