0 0.204571 0.572816 0.275362 0.640777
0 0.438685 0.429126 0.275362 0.691262
0 0.604794 0.360194 0.257525 0.646602
0 0.807692 0.300000 0.188406 0.565049
0 0.915831 0.245631 0.166109 0.475728
1 0.169454 0.351456 0.140468 0.151456
1 0.363991 0.181553 0.105909 0.133981
1 0.538462 0.136893 0.151616 0.130097
1 0.751951 0.070874 0.061315 0.106796
1 0.867336 0.019417 0.082497 0.027184
2 0.919175 0.229126 0.152731 0.283495
2 0.802118 0.297087 0.150502 0.299029
2 0.636566 0.457282 0.180602 0.394175
2 0.438127 0.489320 0.260870 0.372816
2 0.209588 0.675728 0.245262 0.368932
