0 0.227425 0.602913 0.151616 0.720388
0 0.336120 0.587379 0.114827 0.681553
0 0.435897 0.611650 0.111483 0.652427
0 0.564660 0.579612 0.148272 0.596117
0 0.648829 0.595146 0.093645 0.607767
0 0.759755 0.552427 0.139353 0.654369
1 0.248049 0.290291 0.068004 0.083495
1 0.324972 0.299029 0.065775 0.073786
1 0.428094 0.319417 0.055741 0.052427
1 0.560758 0.333010 0.053512 0.056311
1 0.640468 0.342718 0.050167 0.056311
1 0.730212 0.292233 0.057971 0.056311
2 0.234114 0.483495 0.111483 0.267961
2 0.331104 0.484466 0.091416 0.262136
2 0.423634 0.495146 0.095875 0.225243
2 0.541806 0.505825 0.100334 0.250485
2 0.641583 0.515534 0.070234 0.234951
2 0.741360 0.468932 0.091416 0.234951
3 0.214604 0.874757 0.034560 0.087379
3 0.255295 0.901942 0.042363 0.067961
3 0.419732 0.879612 0.030100 0.093204
3 0.446488 0.850485 0.023411 0.097087
3 0.326644 0.900000 0.049052 0.075728
3 0.349498 0.871845 0.030100 0.089320
3 0.530658 0.857282 0.033445 0.052427
3 0.607581 0.855340 0.064660 0.052427
3 0.648272 0.829126 0.039019 0.093204
3 0.744705 0.826214 0.035674 0.075728
3 0.776477 0.818447 0.032330 0.067961
