0 0.191750 0.569903 0.093645 0.708738
0 0.229654 0.631068 0.120401 0.679612
0 0.375139 0.554369 0.137124 0.634951
0 0.494426 0.618447 0.161650 0.743689
0 0.708473 0.603883 0.117057 0.566990
0 0.782609 0.651456 0.120401 0.677670
0 0.858974 0.594175 0.108138 0.714563
1 0.213489 0.266990 0.063545 0.071845
1 0.250836 0.339806 0.064660 0.085437
1 0.399108 0.294175 0.062430 0.075728
1 0.503344 0.296117 0.065775 0.079612
1 0.719621 0.364078 0.045708 0.056311
1 0.788740 0.369903 0.059086 0.083495
1 0.843367 0.285437 0.070234 0.073786
