0 0.264214 0.608738 0.218506 0.755340
0 0.387960 0.586408 0.173913 0.784466
0 0.454849 0.588350 0.178372 0.796117
0 0.588629 0.568932 0.138239 0.803883
0 0.623188 0.659223 0.156076 0.658252
0 0.772575 0.611650 0.189521 0.757282
2 0.770903 0.600000 0.148272 0.388350
2 0.268116 0.634951 0.186176 0.372816
1 0.273690 0.299029 0.083612 0.104854
1 0.364548 0.230097 0.073579 0.071845
1 0.470457 0.243689 0.078038 0.110680
1 0.618172 0.225243 0.079153 0.085437
1 0.761427 0.299029 0.111483 0.081553
1 0.639911 0.365049 0.084727 0.077670
