2 0.260870 0.301942 0.164994 0.347573
2 0.424749 0.443689 0.140468 0.281553
2 0.531215 0.494175 0.065775 0.110680
0 0.535117 0.535922 0.107023 0.361165
0 0.915273 0.194175 0.060201 0.089320
0 0.249721 0.497087 0.218506 0.970874
0 0.423634 0.567961 0.167224 0.813592
3 0.423077 0.906796 0.076923 0.135922
3 0.402453 0.898058 0.055741 0.122330
3 0.319955 0.875728 0.089186 0.159223
3 0.190078 0.891262 0.114827 0.174757
1 0.318841 0.066019 0.109253 0.081553
1 0.462096 0.214563 0.108138 0.110680
