0 0.227425 0.528155 0.303233 0.920388
0 0.455964 0.612621 0.151616 0.759223
0 0.604236 0.711650 0.180602 0.572816
0 0.802676 0.635922 0.260870 0.720388
0 0.909699 0.314563 0.178372 0.528155
0 0.469342 0.169903 0.100334 0.234951
0 0.561315 0.221359 0.085842 0.170874
1 0.280379 0.156311 0.105909 0.133981
1 0.473802 0.106796 0.060201 0.093204
1 0.553512 0.200971 0.063545 0.075728
1 0.472129 0.455340 0.101449 0.145631
1 0.622074 0.568932 0.082497 0.143689
1 0.815496 0.348544 0.083612 0.122330
1 0.907469 0.117476 0.060201 0.099029
1 0.132107 0.491262 0.076923 0.093204
0 0.122631 0.676699 0.113712 0.499029
