0 0.276477 0.639806 0.113712 0.522330
0 0.426979 0.679612 0.107023 0.508738
0 0.570234 0.666019 0.088071 0.535922
3 0.584169 0.876699 0.051282 0.067961
3 0.549610 0.880583 0.044593 0.056311
3 0.429208 0.865049 0.028986 0.067961
3 0.396321 0.852427 0.050167 0.077670
2 0.274805 0.570874 0.088071 0.194175
2 0.421405 0.589320 0.073579 0.196117
2 0.583612 0.599029 0.072464 0.188350
1 0.585284 0.461165 0.055741 0.075728
1 0.415831 0.457282 0.066890 0.029126
1 0.282051 0.433010 0.055741 0.069903
