1 0.321628 0.160194 0.128205 0.102913
1 0.191750 0.238835 0.066890 0.085437
1 0.036789 0.240777 0.051282 0.050485
1 0.670569 0.200000 0.092531 0.069903
1 0.775920 0.185437 0.100334 0.075728
1 0.654961 0.164078 0.072464 0.048544
1 0.235229 0.229126 0.020067 0.023301
1 0.259197 0.237864 0.012263 0.025243
0 0.121516 0.191262 0.013378 0.060194
0 0.134894 0.218447 0.020067 0.075728
0 0.235229 0.247573 0.020067 0.064078
0 0.261984 0.252427 0.024526 0.069903
0 0.057414 0.425243 0.101449 0.423301
0 0.176143 0.439806 0.111483 0.491262
0 0.336678 0.553398 0.278707 0.862136
0 0.690078 0.574757 0.164994 0.788350
0 0.818841 0.506796 0.161650 0.753398
0 0.622074 0.459223 0.149387 0.693204
3 0.593645 0.915534 0.137124 0.060194
3 0.716276 0.909709 0.059086 0.075728
