0 0.097547 0.500000 0.119287 0.712621
0 0.249721 0.563107 0.191750 0.823301
0 0.389632 0.468932 0.130435 0.681553
0 0.536789 0.534951 0.183946 0.875728
0 0.678372 0.475728 0.181717 0.741748
0 0.832776 0.513592 0.178372 0.817476
2 0.840022 0.395146 0.117057 0.266019
2 0.678372 0.341748 0.119287 0.221359
2 0.530658 0.407767 0.129320 0.283495
2 0.380713 0.376699 0.125975 0.229126
2 0.199554 0.416505 0.122631 0.258252
2 0.097547 0.387379 0.101449 0.246602
1 0.093645 0.171845 0.071349 0.060194
1 0.215162 0.204854 0.084727 0.083495
1 0.363991 0.197087 0.056856 0.056311
1 0.529543 0.147573 0.075808 0.077670
1 0.659420 0.161165 0.059086 0.077670
1 0.848384 0.153398 0.075808 0.066019
4 0.668896 0.441748 0.040134 0.075728
4 0.376812 0.455340 0.028986 0.056311
3 0.837235 0.839806 0.071349 0.079612
3 0.880713 0.789320 0.035674 0.087379
3 0.736901 0.730097 0.046823 0.097087
3 0.643813 0.738835 0.052397 0.087379
3 0.593088 0.922330 0.064660 0.097087
3 0.482720 0.930097 0.057971 0.097087
3 0.438685 0.745631 0.045708 0.085437
3 0.328874 0.760194 0.044593 0.079612
3 0.278707 0.913592 0.082497 0.075728
3 0.192308 0.893204 0.081382 0.085437
3 0.130992 0.783495 0.079153 0.087379
3 0.075251 0.812621 0.074693 0.091262
