2 0.340580 0.389320 0.197324 0.246602
4 0.652174 0.491262 0.033445 0.077670
4 0.233556 0.532039 0.065775 0.066019
4 0.391304 0.342718 0.040134 0.060194
2 0.554627 0.400971 0.146042 0.262136
1 0.555741 0.192233 0.134894 0.112621
1 0.339465 0.166019 0.105909 0.071845
3 0.514493 0.826214 0.125975 0.075728
3 0.603679 0.833981 0.088071 0.079612
3 0.230769 0.828155 0.080268 0.075728
3 0.362319 0.825243 0.080268 0.073786
0 0.303233 0.480583 0.283166 0.790291
0 0.529543 0.511650 0.321070 0.747573
