2 0.211260 0.531068 0.212932 0.467961
2 0.457637 0.533981 0.199554 0.462136
2 0.580825 0.561165 0.066890 0.244660
2 0.680602 0.550485 0.112598 0.262136
2 0.821070 0.499029 0.123746 0.271845
1 0.235786 0.133981 0.146042 0.132039
1 0.465440 0.158252 0.159420 0.157282
1 0.674470 0.352427 0.073579 0.091262
1 0.569677 0.345631 0.055741 0.085437
1 0.795429 0.297087 0.085842 0.093204
0 0.166109 0.516505 0.301003 0.947573
0 0.445931 0.516505 0.222965 0.943689
0 0.579710 0.643689 0.082497 0.697087
0 0.678930 0.629126 0.122631 0.718447
0 0.810479 0.605825 0.127090 0.753398
3 0.670569 0.925243 0.061315 0.075728
3 0.722408 0.949515 0.028986 0.069903
