0 0.449275 0.336893 0.078038 0.328155
0 0.483278 0.402913 0.045708 0.359223
0 0.401895 0.373786 0.081382 0.227184
0 0.356745 0.304854 0.046823 0.178641
0 0.377926 0.157282 0.046823 0.186408
0 0.369008 0.076699 0.049052 0.114563
0 0.432553 0.100000 0.051282 0.180583
0 0.496656 0.093204 0.061315 0.143689
0 0.536232 0.150485 0.055741 0.176699
0 0.496656 0.190291 0.043478 0.209709
0 0.534560 0.360194 0.063545 0.343689
0 0.606466 0.433981 0.073579 0.332039
0 0.646042 0.341748 0.065775 0.341748
0 0.676143 0.160194 0.063545 0.254369
0 0.748606 0.263107 0.110368 0.304854
0 0.766444 0.101942 0.076923 0.126214
0 0.820513 0.466019 0.075808 0.388350
0 0.719621 0.590291 0.132664 0.318447
0 0.740245 0.442718 0.075808 0.233010
0 0.875697 0.630097 0.108138 0.339806
0 0.957079 0.589320 0.065775 0.413592
0 0.430323 0.721359 0.127090 0.405825
0 0.388517 0.566019 0.096990 0.304854
0 0.318841 0.752427 0.131550 0.366990
0 0.246934 0.678641 0.130435 0.398058
