0 0.835563 0.653398 0.150502 0.475728
0 0.931438 0.823301 0.130435 0.337864
0 0.786511 0.862136 0.172798 0.240777
0 0.628763 0.784466 0.142698 0.380583
0 0.666109 0.592233 0.125975 0.341748
0 0.559086 0.532039 0.108138 0.621359
0 0.445931 0.639806 0.147157 0.584466
0 0.374025 0.510680 0.139353 0.667961
0 0.528428 0.272816 0.093645 0.537864
0 0.666109 0.292233 0.152731 0.421359
0 0.677258 0.105825 0.141583 0.196117
0 0.217391 0.132039 0.107023 0.248544
0 0.217391 0.332039 0.133779 0.427184
0 0.119844 0.176699 0.108138 0.345631
0 0.032330 0.271845 0.062430 0.384466
0 0.223523 0.687379 0.117057 0.566990
0 0.138796 0.561165 0.137124 0.570874
0 0.077480 0.680583 0.150502 0.460194
0 0.051839 0.858252 0.099220 0.225243
