0 0.402453 0.218447 0.133779 0.196117
0 0.530100 0.368932 0.094760 0.528155
0 0.553512 0.519417 0.108138 0.541748
0 0.612040 0.422330 0.078038 0.553398
0 0.678930 0.570874 0.133779 0.411650
0 0.668896 0.736893 0.118172 0.456311
0 0.732441 0.919417 0.147157 0.149515
0 0.824972 0.815534 0.151616 0.365049
0 0.963211 0.847573 0.069119 0.297087
0 0.905240 0.495146 0.122631 0.500971
0 0.949833 0.606796 0.084727 0.580583
0 0.831104 0.630097 0.123746 0.370874
0 0.442029 0.603883 0.123746 0.458252
0 0.369565 0.439806 0.094760 0.553398
0 0.433668 0.754369 0.124861 0.460194
0 0.294314 0.729126 0.160535 0.506796
0 0.313266 0.578641 0.086957 0.353398
0 0.210702 0.556311 0.115942 0.572816
0 0.128763 0.589320 0.139353 0.374757
0 0.152174 0.813592 0.170569 0.267961
0 0.156633 0.930097 0.137124 0.124272
