0 0.083612 0.440777 0.151616 0.403883
0 0.256968 0.230097 0.134894 0.227184
0 0.303233 0.306796 0.162765 0.310680
0 0.468227 0.520388 0.144928 0.489320
0 0.554069 0.611650 0.176143 0.407767
0 0.604236 0.345631 0.133779 0.275728
0 0.642140 0.332039 0.149387 0.469903
0 0.506132 0.256311 0.153846 0.291262
0 0.826644 0.511650 0.143813 0.444660
0 0.918618 0.621359 0.151616 0.493204
0 0.333891 0.852427 0.241918 0.260194
0 0.233556 0.782524 0.206243 0.368932
0 0.097547 0.884466 0.192865 0.219417
